1 17.12
2 35.69
3 33.16
4 48.69
5 48.4
6 21.45
7 23.41
8 24.74
9 19.44
10 35.65
11 36.25
12 27.81
13 42.98
14 9.34
15 45.04
16 17.68
17 41.21
18 33.6
19 23.2
20 15.2
21 43.62
22 18.47
23 45.17
24 35.08
25 27.94
26 31.94
27 25.49
28 22.94
29 16.35
30 41.06
31 49.9
32 18.7
33 43.04
34 4.88
35 45.45
36 16.27
37 25.78
38 28.48
39 26.03
40 25.04
41 17.9
42 5.8
43 45.95
44 30.03
45 49.06
46 36.48
47 33.11
48 14.29
49 35.69
50 41.01
51 38.17
52 6.65
53 41.82
54 8.62
55 11.96
56 6.43
57 14.64
58 27.77
59 47.48
60 34.51
61 27.34
62 0.07
63 7.67
64 6.62
65 26.39
66 43.35
67 8.26
68 8.84
69 37.41
70 3.77
71 48
72 6.44
73 17.83
74 40.84
75 45.57
76 19.39
77 12.91
78 19.96
79 14.58
80 4.89
81 47.55
82 13
83 25.12
84 21.32
85 26.83
86 35.41
87 35.49
88 12.84
89 33.47
90 36.78
91 10.98
92 11.35
93 6.48
94 14.87
95 25.41
96 43.87
97 34.2
98 38.7
99 27.23
100 9.86
101 19.58
102 29.06
103 17.31
104 48.63
105 33.87
106 9.82
107 0.53
108 36.26
109 43.15
110 22.06
111 4.16
112 38.04
113 10.26
114 4.4
115 6.84
116 45.09
117 24.84
118 48.65
119 30.49
120 24.69
121 11.9
122 35.58
123 32.18
124 30.07
125 18.14
126 35.71
127 26.37
128 10.56
129 30.27
130 15.14
131 48.59
132 42.61
133 44.98
134 19.34
135 21.77
136 8.82
137 36.69
138 31.24
139 20.26
140 16.54
141 2.21
142 21.88
143 42.48
144 46.68
145 21.28
146 11.42
147 20.74
148 4.05
149 44.52
150 43.43
151 46.52
152 4.48
153 9.47
154 7.29
155 16.01
156 25.11
157 25.91
158 5.35
159 22.68
160 29.34
161 28.22
162 37.09
163 38.72
164 18.43
165 13.26
166 3.72
167 24.21
168 41.68
169 6.97
170 1.83
171 32.56
172 47.33
173 13.34
174 46.74
175 42
176 12.57
177 35.43
178 24.13
179 25.44
180 27.06
181 7.05
182 7.53
183 17.4
184 41.62
185 36.15
186 24.4
187 5.65
188 36.18
189 3.97
190 12.22
191 19.4
192 17.13
193 14.16
194 39.32
195 17.48
196 1.61
197 18.26
198 9.09
199 44.65
200 14.28
201 4.76
202 8.04
203 40.13
204 5.77
205 37.19
206 36.48
207 22.84
208 36.61
209 30.39
210 31.79
211 46.82
212 0.16
213 25.85
214 11.74
215 43.49
216 29.77
217 36.77
218 5.21
219 1.16
220 7.48
221 13.84
222 47.5
223 5.29
224 10.94
225 36.38
226 7.32
227 0.36
228 16.75
229 23.78
230 49.17
231 27.97
232 9.7
233 28.45
234 44.21
235 16.21
236 8.96
237 13.47
238 13.43
239 5.48
240 2.39
241 12.88
242 14.07
243 9.06
244 44.35
245 0.76
246 32.41
247 46.84
248 7.26
249 47.43
250 19.57
251 43.5
252 2.19
253 10.95
254 42.81
255 42.22
256 36.71
257 23.89
258 34.81
259 32.69
260 45.75
261 17.6
262 29.26
263 5.02
264 26.49
265 23.13
266 49.25
267 21.7
268 33.11
269 22.93
270 23.31
271 13.85
272 43.09
273 41.97
274 23.42
275 19.12
276 38.94
277 22.81
278 22.26
279 22.42
280 13.92
281 9.79
282 26.17
283 29.61
284 44.97
285 48.52
286 26.63
287 45.43
288 31.95
289 46.67
290 26.26
291 15.99
292 20.57
293 38.05
294 22.95
295 32.73
296 32.19
297 22.03
298 48.96
299 39.7
300 28.75
301 21.32
302 42.37
303 16.75
304 32.31
305 41.12
306 23.53
307 32.91
308 39.96
309 4.12
310 9.92
311 29.78
312 36.86
313 46.08
314 17.66
315 31.25
316 42.29
317 36.8
318 36.3
319 14.84
320 12.03
321 19.83
322 40.84
323 29.95
324 14.06
325 29.84
326 9.93
327 13.26
328 17.78
329 14.89
330 3.89
331 23.72
332 14.24
333 31.45
334 13.47
335 46.82
336 17.62
337 3.3
338 45.8
339 28.99
340 8.23
341 3.89
342 10.73
343 28.01
344 25.54
345 2.14
346 31.6
347 34.59
348 5.05
349 43.54
350 8.52
351 32.76
352 36.9
353 30.09
354 39.94
355 45.19
356 15.37
357 36.15
358 34.74
359 44.61
360 25.93
361 36.09
362 12.84
363 44.24
364 23.46
365 1.23
366 28.7
367 35.59
368 0.56
369 13.68
370 10.9
371 0.78
372 14.67
373 14.81
374 20.16
375 2.69
376 1.16
377 8.09
378 4
379 49.6
380 9.77
381 37.5
382 45.23
383 36.46
384 38.8
385 27.03
386 3.82
387 0.4
388 47.58
389 20.71
390 4.37
391 44.77
392 39.63
393 0.72
394 10.14
395 43.83
396 13.87
397 44.76
398 18.96
399 39.71
400 40.35
401 22.25
402 33.93
403 0.76
404 30.07
405 5.61
406 38.7
407 17.33
408 17.6
409 35.79
410 48.86
411 7.6
412 34.2
413 29.3
414 12.83
415 4.38
416 13.73
417 23.1
418 24.21
419 34.04
420 44.15
421 39.21
422 38.32
423 18.86
424 18.49
425 40.37
426 19.8
427 24.32
428 9.87
429 30.5
430 40.43
431 7.63
432 18.53
433 43.64
434 42.11
435 30.27
436 34.65
437 33.95
438 40.94
439 42.38
440 1.11
441 49.15
442 41.45
443 22.47
444 40.4
445 4.92
446 31.33
447 12.45
448 8.26
449 35.21
450 7.56
451 14.5
452 47.29
453 41.24
454 17.65
455 3.29
456 9.25
457 1.23
458 42.86
459 40.27
460 11.79
461 14.49
462 15.75
463 47.57
464 0.05
465 44.61
466 30.55
467 15.87
468 47.6
469 0.17
470 3.67
471 23.86
472 3.22
473 48.18
474 13.99
475 35.13
476 2.48
477 24.99
478 46.63
479 22.53
480 0.08
481 27.34
482 40.05
483 3.94
484 25.04
485 34.21
486 0.34
487 23.36
488 32.23
489 15.33
490 3.96
491 10.83
492 44.19
493 38.86
494 42.43
495 6.65
496 11.57
497 49.35
498 16.6
499 48.67
500 29.45
501 5.92
502 47.06
503 49.17
504 46.19
505 49.64
506 42.17
507 43.26
508 38.58
509 28.29
510 2.4
511 7.96
512 25
513 27.41
514 18.51
515 19.7
516 25.34
517 27.85
518 28.29
519 40.39
520 9.9
521 41.67
522 21.6
523 38.26
524 48.16
525 24.63
526 23.69
527 7.97
528 30.71
529 0.85
530 25.33
531 35.06
532 0.31
533 12.87
534 19.9
535 1.53
536 22.54
537 26.71
538 6.82
539 37.14
540 5.92
541 31.53
542 39.57
543 1.22
544 44.67
545 43.2
546 42.67
547 23.74
548 44.37
549 3.04
550 46.88
551 41.77
552 4.16
553 47.38
554 41.42
555 34.11
556 40.04
557 34.95
558 6.73
559 16.17
560 40.62
561 11.63
562 48.45
563 17.94
564 44.8
565 15.48
566 24.31
567 15.36
568 30.29
569 47.3
570 9.58
571 20.01
572 4.94
573 7.34
574 0.02
575 16.91
576 28.45
577 41.15
578 42.18
579 24.23
580 32.53
581 10.87
582 41.27
583 41.95
584 17.83
585 9.67
586 34.59
587 5.08
588 15.43
589 19.08
590 31.1
591 13.88
592 1.85
593 19.89
594 16.04
595 24.59
596 39.2
597 47.77
598 26.9
599 3.22
600 32.41
601 5.09
602 2.73
603 35.25
604 12.87
605 0.75
606 47.47
607 8.53
608 39.82
609 28.2
610 28.16
611 14.65
612 45.65
613 7.96
614 13.92
615 14.81
616 41.91
617 18.08
618 14.2
619 38.5
620 19.94
621 19.05
622 44.63
623 20.57
624 29.32
625 37.32
626 5.23
627 32.59
628 39.54
629 37.84
630 43.18
631 21.28
632 24.34
633 29.57
634 12.36
635 4.91
636 29.29
637 10.14
638 42
639 10.34
640 21.52
641 40.8
642 12.19
643 4.65
644 20.22
645 21.26
646 36.26
647 17.48
648 43.56
649 41.77
650 9.58
651 3.27
652 39.44
653 30.59
654 37.03
655 21.77
656 34.83
657 32.51
658 32.02
659 17.9
660 8.99
661 4.99
662 8.27
663 23.5
664 25.33
665 40.92
666 40.72
667 3.63
668 15.62
669 11.18
670 16.14
671 45.92
672 15.78
673 46.86
674 26.6
675 13.33
676 10.22
677 10.72
678 2.82
679 42.86
680 41.05
681 0.66
682 14.49
683 45.19
684 30.42
685 6.14
686 21.1
687 0.93
688 6.25
689 39.31
690 32.3
691 8.97
692 40.95
693 12.86
694 12.04
695 25.81
696 29.47
697 32.55
698 27.64
699 48.57
700 47.5
701 43.29
702 49.08
703 3.25
704 34.72
705 5.11
706 8.45
707 49.19
708 19.86
709 10.25
710 49.33
711 3.11
712 0.34
713 39.36
714 37.36
715 6.17
716 17.17
717 22.69
718 9.13
719 27.72
720 42.25
721 11.79
722 34.97
723 18.54
724 49.02
725 48.34
726 27.92
727 10.05
728 9.29
729 18.98
730 32.21
731 30.72
732 23.54
733 5.91
734 21.85
735 30.95
736 13.06
737 3.06
738 25.5
739 42.54
740 0.05
741 27.68
742 16.83
743 48.25
744 14.13
745 1.79
746 32.51
747 35.29
748 25.48
749 8.37
750 36.88
751 5.77
752 47.05
753 18.15
754 15.14
755 9.76
756 48
757 39.41
758 4.58
759 43.55
760 10.08
761 28.47
762 15.37
763 44.86
764 36.07
765 27.45
766 9.8
767 3.7
768 29.32
769 8.56
770 25.65
771 24.65
772 48.05
773 21.65
774 2.03
775 14.08
776 37.65
777 39.71
778 28.59
779 35.06
780 3.51
781 31.33
782 30.11
783 19.21
784 12.6
785 23.31
786 37.21
787 25.81
788 39.87
789 6.55
790 16.19
791 23.37
792 4.91
793 49.67
794 10.14
795 44.64
796 8.78
797 22.85
798 30.47
799 35
800 23.43
801 21.38
802 32.59
803 14.73
804 8.46
805 48.05
806 29.72
807 20.7
808 6.75
809 12.08
810 46.29
811 49.65
812 48.62
813 1.21
814 38.72
815 42.04
816 25.9
817 5.21
818 7.39
819 22.27
820 46.73
821 10.66
822 31.4
823 25.79
824 0.55
825 8.65
826 10.73
827 6.53
828 43.24
829 46.15
830 12.94
831 33.2
832 17.79
833 0.49
834 38.63
835 29.02
836 20.4
837 31.63
838 16.13
839 7.64
840 2.29
841 42.88
842 9.73
843 2.27
844 14.76
845 17.66
846 30.67
847 35.23
848 37.37
849 32.64
850 2.61
851 39.1
852 47.38
853 16.78
854 13.13
855 49.47
856 41.57
857 6.96
858 42.84
859 30.5
860 41.08
861 22.68
862 41.76
863 2.41
864 15.7
865 18.68
866 11.57
867 18.15
868 39.12
869 17.55
870 12.68
871 44.09
872 0.8
873 3.26
874 6.51
875 27.47
876 18.33
877 22.17
878 43.32
879 6.37
880 11.31
881 2.53
882 27.1
883 34.1
884 27.21
885 36.62
886 0.5
887 37.28
888 4.85
889 43.9
890 46.88
891 37.4
892 30.12
893 10.57
894 1.6
895 32.42
896 5.05
897 10.71
898 35.94
899 17.32
900 32.25
901 45.64
902 27.86
903 42.05
904 15.22
905 20.01
906 38.99
907 19.36
908 41.09
909 18.84
910 31.92
911 42.57
912 2.8
913 42.49
914 20.24
915 22.15
916 41.07
917 43.8
918 1.17
919 44.98
920 9
921 25.39
922 12.23
923 42.52
924 22.62
925 45
926 10.55
927 2.46
928 37.08
929 32.16
930 0.01
931 10.45
932 9.23
933 14.8
934 20.39
935 27.98
936 30.39
937 35.29
938 34.85
939 30.29
940 46.99
941 26.42
942 35.18
943 2.02
944 15.57
945 29.34
946 49.11
947 24.99
948 16.35
949 24.63
950 36.6
951 45.87
952 32.99
953 29.16
954 44.7
955 41.45
956 20.85
957 8.32
958 28.25
959 41.14
960 28.97
961 35.39
962 17.97
963 13.03
964 39.32
965 17.23
966 39.96
967 42.71
968 26.59
969 3.83
970 47.75
971 4.93
972 35.62
973 8.22
974 45.21
975 10.89
976 43.33
977 7.42
978 15.94
979 33.31
980 38.78
981 33.32
982 34.74
983 19.4
984 45.81
985 0.46
986 30.81
987 39.07
988 9.29
989 47.96
990 11.64
991 40.72
992 6.1
993 45.38
994 43.12
995 19.85
996 47.17
997 22.54
998 12.56
999 42.22
1000 10.57
1001 11.7
1002 28.88
